30 30
0 1 92
0 30 42
1 2 43
1 31 56
2 3 39
2 32 77
3 4 37
3 33 24
4 5 90
4 34 9
5 6 81
5 35 91
6 7 90
6 36 8
7 8 83
7 37 38
8 9 75
8 38 23
9 10 93
9 39 13
10 11 15
10 40 33
11 12 70
11 41 14
12 13 40
12 42 6
13 14 2
13 43 92
14 15 76
14 44 10
15 16 98
15 45 9
16 17 36
16 46 70
17 18 80
17 47 6
18 19 97
18 48 8
19 20 8
19 49 92
20 21 11
20 50 3
21 22 81
21 51 73
22 23 51
22 52 16
23 24 39
23 53 73
24 25 89
24 54 75
25 26 17
25 55 67
26 27 19
26 56 92
27 28 67
27 57 34
28 29 3
28 58 76
29 59 59
30 31 23
30 60 24
31 32 2
31 61 53
32 33 11
32 62 16
33 34 96
33 63 4
34 35 39
34 64 63
35 36 15
35 65 83
36 37 45
36 66 93
37 38 92
37 67 80
38 39 81
38 68 57
39 40 17
39 69 55
40 41 38
40 70 9
41 42 88
41 71 45
42 43 63
42 72 6
43 44 93
43 73 98
44 45 27
44 74 5
45 46 90
45 75 89
46 47 56
46 76 17
47 48 11
47 77 7
48 49 59
48 78 65
49 50 26
49 79 28
50 51 79
50 80 78
51 52 43
51 81 38
52 53 11
52 82 23
53 54 90
53 83 82
54 55 94
54 84 72
55 56 64
55 85 99
56 57 96
56 86 0
57 58 58
57 87 39
58 59 9
58 88 27
59 89 58
60 61 70
60 90 78
61 62 68
61 91 44
62 63 87
62 92 48
63 64 19
63 93 30
64 65 58
64 94 92
65 66 39
65 95 88
66 67 91
66 96 49
67 68 23
67 97 20
68 69 87
68 98 20
69 70 62
69 99 91
70 71 62
70 100 4
71 72 33
71 101 50
72 73 68
72 102 58
73 74 0
73 103 82
74 75 30
74 104 24
75 76 51
75 105 65
76 77 60
76 106 15
77 78 74
77 107 67
78 79 84
78 108 10
79 80 99
79 109 30
80 81 58
80 110 33
81 82 86
81 111 51
82 83 16
82 112 68
83 84 22
83 113 87
84 85 65
84 114 81
85 86 58
85 115 36
86 87 8
86 116 55
87 88 3
87 117 0
88 89 32
88 118 90
89 119 60
90 91 95
90 120 47
91 92 59
91 121 36
92 93 53
92 122 55
93 94 48
93 123 42
94 95 14
94 124 32
95 96 9
95 125 52
96 97 98
96 126 55
97 98 57
97 127 21
98 99 6
98 128 36
99 100 92
99 129 39
100 101 82
100 130 43
101 102 23
101 131 61
102 103 85
102 132 40
103 104 55
103 133 93
104 105 82
104 134 20
105 106 48
105 135 2
106 107 59
106 136 48
107 108 79
107 137 52
108 109 86
108 138 13
109 110 39
109 139 81
110 111 87
110 140 84
111 112 77
111 141 5
112 113 37
112 142 92
113 114 16
113 143 73
114 115 58
114 144 5
115 116 63
115 145 66
116 117 21
116 146 61
117 118 41
117 147 1
118 119 12
118 148 47
119 149 23
120 121 11
120 150 13
121 122 76
121 151 98
122 123 96
122 152 95
123 124 91
123 153 82
124 125 47
124 154 80
125 126 83
125 155 27
126 127 62
126 156 8
127 128 30
127 157 83
128 129 2
128 158 65
129 130 14
129 159 94
130 131 69
130 160 57
131 132 14
131 161 81
132 133 47
132 162 45
133 134 60
133 163 85
134 135 65
134 164 36
135 136 44
135 165 96
136 137 83
136 166 62
137 138 90
137 167 74
138 139 33
138 168 84
139 140 72
139 169 44
140 141 0
140 170 97
141 142 26
141 171 22
142 143 99
142 172 91
143 144 78
143 173 94
144 145 11
144 174 70
145 146 43
145 175 44
146 147 34
146 176 53
147 148 93
147 177 80
148 149 3
148 178 26
149 179 63
150 151 84
150 180 2
151 152 80
151 181 58
152 153 39
152 182 18
153 154 74
153 183 44
154 155 26
154 184 92
155 156 39
155 185 5
156 157 72
156 186 77
157 158 69
157 187 75
158 159 38
158 188 73
159 160 77
159 189 39
160 161 48
160 190 33
161 162 50
161 191 68
162 163 3
162 192 17
163 164 18
163 193 70
164 165 35
164 194 80
165 166 13
165 195 86
166 167 95
166 196 74
167 168 98
167 197 63
168 169 85
168 198 41
169 170 45
169 199 26
170 171 49
170 200 68
171 172 8
171 201 78
172 173 17
172 202 46
173 174 49
173 203 11
174 175 93
174 204 56
175 176 96
175 205 70
176 177 26
176 206 99
177 178 50
177 207 82
178 179 63
178 208 60
179 209 77
180 181 76
180 210 89
181 182 81
181 211 57
182 183 57
182 212 87
183 184 82
183 213 10
184 185 37
184 214 64
185 186 37
185 215 39
186 187 48
186 216 54
187 188 67
187 217 50
188 189 98
188 218 71
189 190 76
189 219 40
190 191 94
190 220 80
191 192 30
191 221 46
192 193 57
192 222 45
193 194 57
193 223 5
194 195 67
194 224 39
195 196 31
195 225 79
196 197 57
196 226 10
197 198 58
197 227 34
198 199 65
198 228 96
199 200 9
199 229 19
200 201 40
200 230 61
201 202 43
201 231 83
202 203 43
202 232 66
203 204 52
203 233 11
204 205 7
204 234 67
205 206 33
205 235 15
206 207 85
206 236 74
207 208 80
207 237 98
208 209 68
208 238 97
209 239 71
210 211 69
210 240 89
211 212 37
211 241 25
212 213 87
212 242 17
213 214 34
213 243 20
214 215 0
214 244 80
215 216 73
215 245 23
216 217 94
216 246 25
217 218 75
217 247 54
218 219 88
218 248 57
219 220 9
219 249 76
220 221 90
220 250 36
221 222 14
221 251 19
222 223 13
222 252 68
223 224 4
223 253 23
224 225 48
224 254 59
225 226 65
225 255 87
226 227 20
226 256 48
227 228 60
227 257 73
228 229 81
228 258 19
229 230 60
229 259 29
230 231 19
230 260 61
231 232 98
231 261 75
232 233 77
232 262 74
233 234 3
233 263 51
234 235 15
234 264 40
235 236 84
235 265 91
236 237 66
236 266 85
237 238 43
237 267 94
238 239 23
238 268 1
239 269 53
240 241 34
240 270 19
241 242 11
241 271 21
242 243 77
242 272 55
243 244 23
243 273 5
244 245 66
244 274 73
245 246 32
245 275 50
246 247 92
246 276 0
247 248 54
247 277 25
248 249 75
248 278 65
249 250 34
249 279 99
250 251 44
250 280 52
251 252 55
251 281 3
252 253 78
252 282 89
253 254 49
253 283 8
254 255 94
254 284 94
255 256 15
255 285 51
256 257 43
256 286 13
257 258 23
257 287 69
258 259 99
258 288 1
259 260 97
259 289 31
260 261 56
260 290 22
261 262 5
261 291 88
262 263 61
262 292 58
263 264 84
263 293 26
264 265 88
264 294 24
265 266 83
265 295 96
266 267 90
266 296 55
267 268 15
267 297 61
268 269 86
268 298 11
269 299 64
270 271 56
270 300 28
271 272 88
271 301 46
272 273 48
272 302 56
273 274 74
273 303 70
274 275 63
274 304 43
275 276 31
275 305 94
276 277 16
276 306 3
277 278 91
277 307 76
278 279 15
278 308 75
279 280 82
279 309 53
280 281 8
280 310 72
281 282 3
281 311 2
282 283 88
282 312 64
283 284 54
283 313 9
284 285 84
284 314 42
285 286 15
285 315 94
286 287 80
286 316 27
287 288 59
287 317 12
288 289 93
288 318 76
289 290 24
289 319 3
290 291 10
290 320 87
291 292 19
291 321 38
292 293 18
292 322 40
293 294 73
293 323 90
294 295 64
294 324 9
295 296 77
295 325 37
296 297 10
296 326 2
297 298 17
297 327 39
298 299 34
298 328 75
299 329 72
300 301 65
300 330 48
301 302 23
301 331 17
302 303 89
302 332 59
303 304 19
303 333 55
304 305 7
304 334 22
305 306 89
305 335 18
306 307 74
306 336 20
307 308 24
307 337 89
308 309 24
308 338 37
309 310 65
309 339 53
310 311 17
310 340 48
311 312 42
311 341 18
312 313 22
312 342 97
313 314 51
313 343 19
314 315 60
314 344 76
315 316 56
315 345 67
316 317 98
316 346 23
317 318 25
317 347 56
318 319 67
318 348 25
319 320 30
319 349 11
320 321 14
320 350 58
321 322 47
321 351 17
322 323 1
322 352 89
323 324 89
323 353 53
324 325 98
324 354 2
325 326 5
325 355 96
326 327 74
326 356 50
327 328 16
327 357 4
328 329 6
328 358 21
329 359 99
330 331 19
330 360 29
331 332 11
331 361 55
332 333 55
332 362 71
333 334 50
333 363 37
334 335 17
334 364 33
335 336 0
335 365 63
336 337 32
336 366 39
337 338 49
337 367 95
338 339 63
338 368 33
339 340 58
339 369 68
340 341 43
340 370 67
341 342 35
341 371 26
342 343 79
342 372 37
343 344 9
343 373 42
344 345 8
344 374 34
345 346 85
345 375 6
346 347 50
346 376 71
347 348 51
347 377 22
348 349 7
348 378 65
349 350 60
349 379 81
350 351 75
350 380 50
351 352 73
351 381 59
352 353 85
352 382 29
353 354 56
353 383 54
354 355 18
354 384 33
355 356 50
355 385 29
356 357 24
356 386 68
357 358 43
357 387 23
358 359 27
358 388 38
359 389 92
360 361 48
360 390 68
361 362 7
361 391 53
362 363 56
362 392 78
363 364 84
363 393 53
364 365 44
364 394 82
365 366 51
365 395 85
366 367 90
366 396 94
367 368 95
367 397 0
368 369 37
368 398 64
369 370 1
369 399 19
370 371 54
370 400 69
371 372 81
371 401 74
372 373 29
372 402 6
373 374 76
373 403 90
374 375 7
374 404 95
375 376 56
375 405 42
376 377 60
376 406 97
377 378 86
377 407 86
378 379 72
378 408 74
379 380 83
379 409 20
380 381 36
380 410 51
381 382 35
381 411 18
382 383 14
382 412 86
383 384 45
383 413 45
384 385 81
384 414 8
385 386 77
385 415 32
386 387 39
386 416 37
387 388 34
387 417 83
388 389 1
388 418 3
389 419 68
390 391 94
390 420 33
391 392 11
391 421 26
392 393 32
392 422 25
393 394 27
393 423 50
394 395 8
394 424 29
395 396 71
395 425 30
396 397 94
396 426 5
397 398 93
397 427 77
398 399 65
398 428 93
399 400 40
399 429 88
400 401 20
400 430 32
401 402 28
401 431 68
402 403 92
402 432 46
403 404 30
403 433 24
404 405 34
404 434 20
405 406 50
405 435 51
406 407 93
406 436 38
407 408 88
407 437 25
408 409 13
408 438 51
409 410 27
409 439 14
410 411 31
410 440 73
411 412 75
411 441 94
412 413 7
412 442 81
413 414 78
413 443 52
414 415 37
414 444 19
415 416 89
415 445 28
416 417 31
416 446 37
417 418 8
417 447 42
418 419 77
418 448 89
419 449 82
420 421 72
420 450 77
421 422 94
421 451 36
422 423 91
422 452 45
423 424 67
423 453 11
424 425 73
424 454 75
425 426 80
425 455 56
426 427 34
426 456 42
427 428 30
427 457 28
428 429 66
428 458 50
429 430 4
429 459 57
430 431 78
430 460 3
431 432 13
431 461 69
432 433 43
432 462 10
433 434 76
433 463 13
434 435 78
434 464 1
435 436 84
435 465 60
436 437 35
436 466 0
437 438 23
437 467 41
438 439 69
438 468 19
439 440 53
439 469 13
440 441 89
440 470 5
441 442 30
441 471 26
442 443 0
442 472 40
443 444 80
443 473 54
444 445 47
444 474 85
445 446 94
445 475 82
446 447 64
446 476 60
447 448 34
447 477 22
448 449 89
448 478 64
449 479 37
450 451 18
450 480 15
451 452 19
451 481 35
452 453 68
452 482 53
453 454 83
453 483 88
454 455 27
454 484 16
455 456 96
455 485 94
456 457 8
456 486 73
457 458 22
457 487 2
458 459 19
458 488 52
459 460 91
459 489 27
460 461 27
460 490 33
461 462 13
461 491 83
462 463 4
462 492 86
463 464 12
463 493 74
464 465 56
464 494 59
465 466 97
465 495 26
466 467 30
466 496 58
467 468 54
467 497 4
468 469 17
468 498 26
469 470 59
469 499 69
470 471 58
470 500 98
471 472 85
471 501 1
472 473 12
472 502 57
473 474 83
473 503 77
474 475 39
474 504 23
475 476 33
475 505 44
476 477 58
476 506 79
477 478 76
477 507 93
478 479 76
478 508 22
479 509 39
480 481 60
480 510 75
481 482 14
481 511 71
482 483 27
482 512 37
483 484 4
483 513 27
484 485 30
484 514 46
485 486 53
485 515 31
486 487 23
486 516 3
487 488 77
487 517 25
488 489 1
488 518 93
489 490 37
489 519 77
490 491 10
490 520 12
491 492 11
491 521 91
492 493 56
492 522 4
493 494 37
493 523 43
494 495 35
494 524 8
495 496 92
495 525 12
496 497 78
496 526 18
497 498 90
497 527 89
498 499 71
498 528 14
499 500 82
499 529 25
500 501 40
500 530 35
501 502 16
501 531 77
502 503 90
502 532 92
503 504 52
503 533 0
504 505 69
504 534 85
505 506 33
505 535 8
506 507 12
506 536 30
507 508 1
507 537 57
508 509 53
508 538 26
509 539 76
510 511 28
510 540 7
511 512 44
511 541 12
512 513 88
512 542 9
513 514 96
513 543 13
514 515 15
514 544 28
515 516 61
515 545 19
516 517 99
516 546 32
517 518 3
517 547 87
518 519 38
518 548 59
519 520 26
519 549 91
520 521 48
520 550 56
521 522 19
521 551 35
522 523 66
522 552 85
523 524 48
523 553 47
524 525 92
524 554 71
525 526 98
525 555 50
526 527 59
526 556 91
527 528 45
527 557 1
528 529 61
528 558 45
529 530 69
529 559 85
530 531 90
530 560 88
531 532 59
531 561 0
532 533 94
532 562 97
533 534 1
533 563 98
534 535 75
534 564 18
535 536 60
535 565 11
536 537 85
536 566 40
537 538 97
537 567 61
538 539 79
538 568 64
539 569 1
540 541 66
540 570 0
541 542 5
541 571 68
542 543 20
542 572 2
543 544 77
543 573 53
544 545 76
544 574 21
545 546 37
545 575 85
546 547 83
546 576 38
547 548 64
547 577 69
548 549 50
548 578 21
549 550 64
549 579 60
550 551 49
550 580 87
551 552 21
551 581 24
552 553 55
552 582 14
553 554 28
553 583 33
554 555 17
554 584 21
555 556 49
555 585 10
556 557 71
556 586 26
557 558 81
557 587 13
558 559 33
558 588 51
559 560 15
559 589 33
560 561 63
560 590 39
561 562 21
561 591 59
562 563 28
562 592 18
563 564 51
563 593 19
564 565 60
564 594 47
565 566 11
565 595 60
566 567 53
566 596 18
567 568 30
567 597 13
568 569 90
568 598 65
569 599 14
570 571 24
570 600 85
571 572 85
571 601 80
572 573 27
572 602 54
573 574 87
573 603 24
574 575 8
574 604 73
575 576 54
575 605 0
576 577 69
576 606 76
577 578 51
577 607 59
578 579 45
578 608 14
579 580 70
579 609 77
580 581 73
580 610 8
581 582 12
581 611 74
582 583 95
582 612 60
583 584 7
583 613 0
584 585 87
584 614 67
585 586 32
585 615 49
586 587 85
586 616 71
587 588 55
587 617 92
588 589 47
588 618 26
589 590 12
589 619 25
590 591 85
590 620 43
591 592 18
591 621 63
592 593 50
592 622 36
593 594 70
593 623 35
594 595 57
594 624 34
595 596 53
595 625 64
596 597 9
596 626 53
597 598 85
597 627 86
598 599 11
598 628 24
599 629 25
600 601 51
600 630 83
601 602 57
601 631 22
602 603 8
602 632 94
603 604 69
603 633 26
604 605 67
604 634 19
605 606 83
605 635 49
606 607 49
606 636 36
607 608 96
607 637 10
608 609 3
608 638 55
609 610 9
609 639 79
610 611 74
610 640 20
611 612 47
611 641 53
612 613 82
612 642 18
613 614 46
613 643 25
614 615 94
614 644 41
615 616 11
615 645 34
616 617 98
616 646 48
617 618 62
617 647 19
618 619 12
618 648 92
619 620 42
619 649 22
620 621 51
620 650 39
621 622 62
621 651 86
622 623 79
622 652 25
623 624 36
623 653 19
624 625 8
624 654 83
625 626 40
625 655 17
626 627 21
626 656 60
627 628 37
627 657 19
628 629 55
628 658 66
629 659 50
630 631 71
630 660 64
631 632 32
631 661 48
632 633 15
632 662 65
633 634 65
633 663 85
634 635 94
634 664 59
635 636 65
635 665 85
636 637 60
636 666 81
637 638 84
637 667 99
638 639 46
638 668 98
639 640 1
639 669 87
640 641 50
640 670 61
641 642 17
641 671 59
642 643 3
642 672 83
643 644 13
643 673 7
644 645 83
644 674 67
645 646 40
645 675 20
646 647 19
646 676 31
647 648 50
647 677 80
648 649 35
648 678 54
649 650 23
649 679 49
650 651 76
650 680 60
651 652 18
651 681 43
652 653 91
652 682 92
653 654 23
653 683 26
654 655 57
654 684 30
655 656 30
655 685 31
656 657 6
656 686 58
657 658 85
657 687 66
658 659 91
658 688 36
659 689 46
660 661 23
660 690 39
661 662 0
661 691 78
662 663 40
662 692 63
663 664 97
663 693 10
664 665 32
664 694 50
665 666 7
665 695 58
666 667 64
666 696 68
667 668 94
667 697 70
668 669 11
668 698 94
669 670 62
669 699 1
670 671 39
670 700 29
671 672 42
671 701 79
672 673 78
672 702 36
673 674 47
673 703 44
674 675 41
674 704 12
675 676 88
675 705 84
676 677 64
676 706 33
677 678 36
677 707 94
678 679 41
678 708 38
679 680 26
679 709 16
680 681 23
680 710 52
681 682 59
681 711 62
682 683 98
682 712 2
683 684 6
683 713 46
684 685 52
684 714 16
685 686 26
685 715 68
686 687 17
686 716 91
687 688 43
687 717 57
688 689 45
688 718 97
689 719 55
690 691 44
690 720 94
691 692 58
691 721 80
692 693 67
692 722 55
693 694 6
693 723 64
694 695 97
694 724 97
695 696 44
695 725 38
696 697 36
696 726 68
697 698 72
697 727 16
698 699 50
698 728 44
699 700 43
699 729 64
700 701 4
700 730 53
701 702 29
701 731 19
702 703 48
702 732 71
703 704 83
703 733 75
704 705 11
704 734 86
705 706 46
705 735 1
706 707 1
706 736 79
707 708 2
707 737 91
708 709 45
708 738 22
709 710 54
709 739 79
710 711 49
710 740 28
711 712 39
711 741 39
712 713 13
712 742 86
713 714 87
713 743 29
714 715 87
714 744 57
715 716 46
715 745 52
716 717 84
716 746 77
717 718 68
717 747 82
718 719 42
718 748 78
719 749 34
720 721 25
720 750 3
721 722 0
721 751 34
722 723 52
722 752 23
723 724 70
723 753 2
724 725 43
724 754 66
725 726 70
725 755 21
726 727 14
726 756 80
727 728 67
727 757 65
728 729 51
728 758 87
729 730 81
729 759 84
730 731 20
730 760 51
731 732 17
731 761 72
732 733 82
732 762 83
733 734 43
733 763 26
734 735 83
734 764 17
735 736 3
735 765 89
736 737 42
736 766 82
737 738 68
737 767 61
738 739 56
738 768 98
739 740 51
739 769 96
740 741 65
740 770 68
741 742 59
741 771 27
742 743 77
742 772 36
743 744 92
743 773 66
744 745 79
744 774 98
745 746 38
745 775 81
746 747 29
746 776 88
747 748 55
747 777 13
748 749 62
748 778 57
749 779 24
750 751 98
750 780 63
751 752 48
751 781 53
752 753 7
752 782 4
753 754 2
753 783 38
754 755 80
754 784 24
755 756 71
755 785 15
756 757 30
756 786 12
757 758 16
757 787 36
758 759 94
758 788 49
759 760 88
759 789 11
760 761 52
760 790 51
761 762 70
761 791 19
762 763 9
762 792 23
763 764 89
763 793 56
764 765 94
764 794 44
765 766 14
765 795 93
766 767 76
766 796 84
767 768 19
767 797 36
768 769 7
768 798 64
769 770 27
769 799 96
770 771 41
770 800 5
771 772 80
771 801 20
772 773 6
772 802 8
773 774 69
773 803 63
774 775 76
774 804 31
775 776 51
775 805 39
776 777 9
776 806 72
777 778 2
777 807 51
778 779 68
778 808 80
779 809 10
780 781 10
780 810 73
781 782 42
781 811 51
782 783 74
782 812 54
783 784 96
783 813 66
784 785 22
784 814 2
785 786 49
785 815 52
786 787 19
786 816 65
787 788 60
787 817 30
788 789 41
788 818 59
789 790 6
789 819 72
790 791 76
790 820 76
791 792 8
791 821 89
792 793 57
792 822 22
793 794 61
793 823 62
794 795 89
794 824 94
795 796 96
795 825 25
796 797 62
796 826 13
797 798 41
797 827 29
798 799 28
798 828 27
799 800 83
799 829 61
800 801 69
800 830 99
801 802 28
801 831 55
802 803 79
802 832 62
803 804 33
803 833 38
804 805 78
804 834 79
805 806 18
805 835 74
806 807 76
806 836 30
807 808 24
807 837 52
808 809 47
808 838 65
809 839 82
810 811 96
810 840 14
811 812 79
811 841 0
812 813 2
812 842 44
813 814 6
813 843 45
814 815 72
814 844 88
815 816 12
815 845 90
816 817 89
816 846 14
817 818 22
817 847 26
818 819 94
818 848 48
819 820 67
819 849 17
820 821 5
820 850 68
821 822 2
821 851 39
822 823 51
822 852 55
823 824 50
823 853 54
824 825 90
824 854 10
825 826 74
825 855 89
826 827 6
826 856 36
827 828 59
827 857 59
828 829 80
828 858 73
829 830 18
829 859 67
830 831 59
830 860 32
831 832 86
831 861 19
832 833 78
832 862 80
833 834 8
833 863 29
834 835 20
834 864 48
835 836 45
835 865 26
836 837 89
836 866 25
837 838 58
837 867 34
838 839 63
838 868 13
839 869 48
840 841 63
840 870 85
841 842 96
841 871 33
842 843 53
842 872 20
843 844 92
843 873 20
844 845 7
844 874 90
845 846 12
845 875 32
846 847 92
846 876 66
847 848 25
847 877 96
848 849 55
848 878 18
849 850 20
849 879 82
850 851 40
850 880 29
851 852 96
851 881 99
852 853 57
852 882 95
853 854 21
853 883 9
854 855 48
854 884 56
855 856 27
855 885 60
856 857 94
856 886 97
857 858 53
857 887 8
858 859 14
858 888 85
859 860 76
859 889 17
860 861 70
860 890 46
861 862 40
861 891 6
862 863 73
862 892 75
863 864 86
863 893 3
864 865 19
864 894 43
865 866 8
865 895 50
866 867 37
866 896 14
867 868 25
867 897 11
868 869 12
868 898 20
869 899 86
870 871 85
871 872 20
872 873 64
873 874 42
874 875 0
875 876 10
876 877 65
877 878 51
878 879 0
879 880 88
880 881 90
881 882 91
882 883 42
883 884 25
884 885 80
885 886 76
886 887 65
887 888 32
888 889 85
889 890 30
890 891 84
891 892 70
892 893 41
893 894 50
894 895 83
895 896 75
896 897 38
897 898 27
898 899 7
